232.18707235797996 202.35684906983846 227.37291218639774 92.46204360473688 0.35894612357542927 -0.5113718255201136 1
197.2261162866207 247.96485360702476 217.0687917226483 179.0680939451695 0.14236428755748298 -0.47128780417197275 1
242.8450166675229 196.73464952500638 171.15396881448729 189.2072959089391 0.22630456579156674 -2.331299650033035 1
404.7962203239054 223.53167329787232 397.63983447677697 372.3309592725359 -51.03002741819414 -0.5447002689524618 0
131.51240416083155 352.11154469542225 363.3595645178681 338.59641666187656 -0.3732584232898393 0.7751098569743062 0
225.6829091622806 185.91828286081278 306.03888066319377 386.367915147724 -0.478330379191904 0.38387250462521233 0
372.1933962087922 372.5111957471689 230.83896159687163 391.8821022804152 -1.1232601209132014 0.4978267049886335 1
329.23805519504947 352.9481099187378 299.8251558593454 397.9651752875163 -2.596105264899929 -1338.9055495470286 2
240.9318032155065 330.7057122682219 147.4289310435942 187.12545583032772 -0.21210389510932529 -0.7357028126494857 1
222.95446690859202 191.4716070436426 104.04817627055513 130.35182803317974 -0.23071040682838817 0.6170098948415462 1
208.7058128032454 304.14890208074576 49.0224424466476 125.04439747674502 -0.4556405410444386 0.7335619181675899 0
51.71498130920553 40.19410741801378 184.02804011967066 179.75049551709344 -0.39711144698473044 0.1940970539199248 0
385.4582616514367 205.67861530760752 341.3835382485246 374.23457566614985 -1.9415660440130236 0.37587251155932383 0
345.46643639530475 345.91114661177005 182.5531531920627 137.5880362789856 -0.6255795223888847 4.538848532107685 0
39.02506511697916 268.96470351239157 78.5828485184117 93.44893292344325 -0.5035771383651312 -0.6714473637810786 0
285.52523764885905 282.8033849591658 155.35047372632542 166.9659715516615 -0.7841430309532069 -0.7876572668043426 0
28.04104339899415 264.3146869647737 362.84673052177413 357.4190574362266 5.641327172226694 -1.175855977336852 0
388.0459310498692 316.1479731763568 392.210684587459 385.0337760894913 -124.0222159439269 -0.7006226737436203 0
390.717743729139 396.69403864980507 246.57330931723013 250.84380730017836 2.803426094746116 3.24047261790601 1
301.2900141125558 316.28764331519153 45.54605222147003 48.01946243815616 1.35883692030674 1.3892215289896044 2
102.66761214610469 130.43332188689396 50.19996652218298 58.369073426591605 -0.08265730238737505 -0.12096918115884746 1
175.4785684645603 211.54771822421083 379.8664159598602 378.9557745156087 -0.13133491604258396 -0.1786503525028775 1
149.4375648288793 145.96626557471143 200.04037188879846 195.45375953578974 -0.10482485561904405 -0.15417827968538522 1
175.738962014768 46.35372351443722 150.7960481543306 148.86969436108544 -0.22232908458963196 -0.11106803801498943 1
223.99940133945495 192.67136993852688 239.33859429956274 234.44637806438544 -0.23395889151136376 -0.15076638932890798 0
327.14082223024116 100.39971845658536 197.98301016559748 191.01467795345536 -0.8108138343081593 -0.5135088574343883 0
130.342169184912 273.49953172322915 370.7244434445602 363.3726684162147 0.5124956822803652 -0.8676561462711408 0
133.7033271758636 168.0518709624012 393.0190624611256 394.9090829853312 0.5654830043840573 -0.5606472460956342 0
192.108361102348 145.91767035452906 68.65740613374233 79.29065317330605 1.0345982653745138 -0.2825876471692551 0
262.84190062522566 233.68593811009958 320.3387378661356 320.9288719684831 0.8034671273304652 -0.5093626636642122 0
202.1114834272335 127.9828104536051 330.1125865053564 326.25857432142357 0.880469423383548 1.8047974791327628 2
274.3268052912002 298.73998725789215 243.4481518325227 244.8165747454127 -0.5124144844807135 -0.7417880625535903 1
365.54545811492665 277.5865232100278 298.81284432321627 295.76608897669365 12.190264378498762 0.5485956691564946 0
166.11048643979842 56.706964030009374 307.11357775526153 310.0794766274977 0.2320813538544798 0.12636953495606215 0
142.37168880871036 142.6325116727357 306.2483806076824 302.36264388241204 0.35265065455727085 0.18895218697747257 1
218.90679001631048 198.10690853964272 239.05498869571088 242.33207601602666 0.16792018128554867 0.08576687867062024 0
57.084875348116064 334.9794846869634 324.74235813196015 325.699117600677 0.5872164857707792 1.0526798349502655 0
112.20108966277934 156.1258622667216 248.37153027210718 251.0417238249897 0.15058277327669228 0.5682251096095939 0
228.56883547042153 283.6865242635024 331.45385305568936 327.7330181383551 -0.7203067621476712 -0.439269944526823 0
408.62676784986127 333.11408530216454 393.14184476555323 392.7442103976774 27.141608106536523 -0.6296758834205123 1
226.92155648241427 202.85502455735738 341.1954647700094 333.68579670797135 0.9616775358838594 0.9301384732619042 2
11.881157636021744 200.49024781260857 367.5015789722431 359.43500297660336 -0.04937142762134868 -0.3037415311021681 1
226.06514525594662 334.65069899589116 199.89142608471548 216.3423748607151 -0.2958225181740089 -0.5601024310909469 1
183.27293229976425 266.7156958341795 278.0896585847999 284.4209868813749 -0.27171108577250297 0.3586737332327173 1
317.5696024417589 235.62377888429756 245.87449842491873 244.4828822823942 -0.617171057104403 0.49783972280310274 0
360.3253786316196 369.874574095623 355.04253688009806 355.5492614458615 -3.2367011061111297 6.713954737997059 0
349.47569047532124 186.12044916601775 132.1933334006265 132.7778941790681 3081.9379158591946 -0.3521084585672612 0
89.02218734286086 65.84109681849958 317.45117790337264 317.95216975927633 1.0505827870757418 -0.9160000894530619 0
102.45320987666797 38.83916420160133 144.1635441101186 139.19618534537616 1.2036961637078152 -0.703416937823762 0
349.909821302694 269.52309663717205 331.0823118498927 324.55258796191197 163.0330916519517 -0.8960095887037886 0
240.89995372815096 244.3981389622247 58.36035663375749 65.07039356537032 -1.0476148001533279 -0.9726921400068725 1
330.9834490244232 334.5567134392222 333.58909819486024 322.0554458397154 0.5081005571181856 0.8025452479593581 1
76.80912665785615 67.65103502741866 261.65111796165957 256.0315472771699 0.12132355860081416 0.15879570904622997 1
32.48166129610597 81.2633105715789 257.908881355037 271.40567978559557 0.12414631238439755 0.0731893879374784 1
366.54760305516356 323.0103849975029 337.1024611791644 337.27463709666233 3.5547263968114065 1.3897070402226634 2
99.24425716472952 320.0445674564031 145.37074170035518 142.59110412281638 -29.321158744342362 -11.700961924331313 2
234.0166118210226 304.6343720028899 260.6861995401781 256.88889653490406 -0.33938554046857716 -0.7039497988088949 1
336.119226353527 289.5130998528006 385.4738482897343 385.8522576128302 0.6604169103811026 0.4973411037945252 0
119.1363272138849 10.75561710663895 193.7691942191505 188.69404368189527 0.16974901350826482 0.02565326879610571 1
222.04380069457977 202.68960385840555 33.80887169096104 15.238291324347957 0.2152100963389609 0.13272281433287056 0
366.97632425618735 405.6993778534819 379.06551252189894 377.1952487699526 2.2309384957159994 4.493451304441098 0
114.59674953257411 139.95803262133074 339.06963750286513 329.09482905242044 -0.2947971211401148 -0.41556684053202747 1
67.3466261147332 75.9117311981885 278.9446868303539 277.0166497134567 -0.2587886548308838 -0.08076340120241265 0
372.58600580538484 395.0764039687284 165.94266596790987 157.4415745056211 2.475827350021471 -7.118503505226623 0
213.0811568521321 103.80352243448168 379.20868116456984 383.8010818971062 0.49745818976764516 0.22783474184574803 0
266.0568341433113 19.66078112347663 368.36662052774324 363.98285221559274 0.35725087147398377 0.35037945226400835 0
279.06676937319475 395.22769596718206 284.13435162733106 291.7999932704536 0.7858427616204521 5.028143397142669 0
271.10357021614453 275.39611730573637 363.40704588671935 366.36912511692543 -0.3728119467329831 -0.9869592113724679 0
82.18642404987338 237.80585094971443 234.15105191563282 235.39183540701677 -0.3095307878953521 -1.173023780584596 0
155.8016763900874 219.94408060879522 348.0643338586754 347.9366638138439 -0.24060702411546284 -0.470046216261378 0
282.1736181627011 318.87762554810155 59.18341846504522 70.73980874707834 0.901704789306442 1.0763035727689447 1
384.57786806220633 396.52044716326395 323.1753612907491 320.8463952263198 -2.312371331760784 -8.493709032990648 2
173.2856816885464 228.8391074187637 217.7259578097675 212.51784915686105 -0.17974080102905077 -0.22753214929005566 1
185.40097121585856 218.9043585616468 176.0517806850143 176.74789752585514 -0.16539996394557638 -0.22923916795450722 1
3.32875770669528 220.6249748748839 373.34885844211067 373.63767908224906 -0.09115480679994747 -0.40901780924954306 1
303.71046449871733 329.3825916313043 346.2944874339957 339.6096503408979 -0.5191070804277849 -1.0113155380182652 1
386.19778411263883 299.3053936915334 163.89507210350172 161.26460817478284 8.646678958773755 2.277517252395488 0
106.65387748207965 146.42776561715928 43.67818351102079 76.61811154800162 0.2265714231505857 0.34697627597985714 0
62.810061940370446 269.4385016838079 252.94192768837144 258.22701638029815 0.3324917872390622 0.6573877921223218 0
173.25356258471174 352.08863763186463 358.02249546674705 348.22566157221706 0.26283344887965987 -1.6402665706294686 0
108.27167999980209 189.3176238411848 57.008401569022084 72.52813681036544 0.4928980053572097 -2.3593471931119576 0
236.50009776897178 369.6597421140978 382.3188731843478 382.4618890644257 0.6958135808546307 13.423431484877604 0
130.35473953844445 120.23593056650577 228.49816423353334 235.1638003978181 0.8364858194167126 -0.16651529779154478 0
239.30635208434308 260.16496924823196 142.18930816355552 152.21542352602495 0.8408694274029529 0.9236330582521899 1
384.0070458122352 378.4651842678343 295.6757627142928 298.0159077791721 -1.8764639504450882 -1.8958123560055595 2
162.69574254715513 205.7541583861385 334.6001428746921 334.328057779868 -0.13573059310189275 -0.18431142429675085 1
209.95986064425824 209.17571117120204 297.48187307895466 297.2670143063832 -0.22617862046227413 -0.2636271152029544 1
99.4094209088686 157.14887575873777 249.2479635439871 248.239441884234 -0.11375861288711912 -0.1554428438715369 1
196.4704055113861 204.23232900681785 380.7940053985265 379.07852599280875 -0.2559982676603703 -0.29685438792749674 1
39.74543534725844 23.624394630475027 277.17822618398077 261.28640272883405 -0.10273317022840514 -0.8197824471850775 0
368.5747251880752 255.24143250338943 279.94803070190994 300.46893131963645 -1.9452593236066555 -0.6057698068387016 0
79.47149577585905 95.32608260307039 373.1924424295893 379.31560088918593 0.5283433382758312 -1.6270186659467143 0
177.40344509057527 224.50632439594472 259.4712282857896 254.12672709734338 0.4482014727770002 1.3021495864644193 0
148.9625788323369 125.83571958629582 53.19247368117282 51.39185228901591 0.301010336494578 0.4592424980051691 0
377.12253175510955 343.4324310754932 391.1602624915083 391.3702132970778 2.378629157510855 -2.354388535001789 0
337.0764568596253 336.56687345411683 56.80450806913445 55.26847970072905 1.2894189279159411 1.3845712973111717 1
380.48636780644426 392.0904503988089 297.06049615451104 297.30753001872347 3.616195768978235 6.209212500134834 2
225.77657210531385 261.463571555784 121.94252112073718 146.47561553679293 -0.26102096983664164 -0.34050551606017937 1
234.6190327944682 361.46036559517916 390.4380056919283 386.73464431170635 -0.20372452578547212 -0.939506742155682 1
310.9133182176448 174.00409958449654 237.1943222532454 249.767069205436 -0.5191058093820734 0.179705117593523 0
243.31070286353133 176.9179538717346 179.8480930949834 173.99492399418384 -1.3745892826474349 0.5008069016430337 0
351.0450587801711 217.71676141881454 106.7003189486727 199.0821376708006 4.478262440492372 1.0379178219064 0
108.11379315421804 232.12214321886583 297.2730300993989 288.67110747052095 0.6787054067898661 0.4095675704680326 0
88.40979240083009 225.83469001613858 71.62436542258163 70.18696005824577 0.35880532010654964 1.1349500410044526 0
216.7970980230516 336.1841346948023 41.3918926659334 53.71611185129896 0.5684661447503828 6.925490964598283 0
317.0437516928456 332.23685774922717 173.17753894961925 136.2091722689436 -1.2176118087636805 -0.7099297889614589 0
189.14818346660255 226.93221620213117 276.0381780136748 275.46777036603675 0.7419943372191536 1.2056040364636478 1
320.7593849864101 263.1837879202497 199.2206692484428 214.4151139738984 -0.6586803878950994 -0.4480104867521219 2
304.02320722488275 378.18803583939905 419.31996822063655 415.21275569572384 -0.5874521109237797 -4.244660182117552 1
241.10693149346577 227.3636701587913 95.4476175417536 85.99095521387375 -1.5429581997917456 0.3614620729868127 0
40.052221098084 133.69383526020718 360.9737508223009 362.3406270299944 -2.1539435164497895 0.08491842938790478 0
289.77164672759613 272.2258232213627 305.3959012856984 306.8835864621902 -0.8341853084345487 0.8827515588802413 0
169.97899176121956 378.8028249286126 184.14014062914455 191.15856881044752 -1.5770833524325754 2.722503551132863 0
376.6081351554715 341.6167182001709 162.90420431653183 185.00955834464844 -143.16852043217162 -20.338174734822413 0
355.24894956087707 374.60728238739637 338.60291338808116 343.08591694263123 2.858045819636908 -9.23394765246718 0
289.5696267721361 90.61223810561279 181.9787363878345 184.8438945809914 -0.9612524536406227 -1.1935990945997061 0
183.74657738354742 147.38083323976366 345.03547300757214 345.9019408510471 0.6096970586115665 0.7718156044656086 1
257.30675332208466 187.91094444254637 309.9601692955795 313.6736007156878 -0.497508597986388 -0.3592363852725778 1
319.9938282128371 351.82495277170585 213.35234711932057 215.38026740187613 -0.5402511781588586 -0.8435345653603451 1
310.8595962735631 245.58684576115996 212.23485515100964 210.54470834448603 0.4769294692440719 0.29564059775204166 0
147.09331052100305 15.38847908962439 267.0773319218309 268.78037388325384 0.32473961080369235 0.1494212175172452 0
270.79117585820137 222.37619808292575 364.9000131107991 363.92615027824354 0.6844651596433874 0.34167610314996916 0
251.9475272379379 308.22317132976144 222.29711024089033 223.87248101184673 -0.637532076907338 -0.917739616581767 1
382.5078906391258 311.6736797675809 156.16734397745597 138.71378769221596 7.058241078068587 -0.7746562280034754 2
381.02287540460827 327.8424499493293 121.19255565743616 133.1644374784417 5.622126021961194 -3.505947513696433 2
384.206544323666 360.66182556493595 315.0778697253734 317.8187777017574 9.059904734287471 1.6883390020531805 1
57.09273129797995 108.7902890363578 56.85838796519308 65.49219127972634 0.11097948113361707 0.11434858482358243 1
235.5962256583204 181.1090957025738 261.1703912282041 264.5347466377191 0.5043742011378715 0.2793661963112898 0
255.43483591513862 210.41933995101337 83.03794815343011 132.248194550109 0.4510642659249836 0.3542477277650348 0
346.03122472972507 376.3917958200628 204.79030077335176 224.31285362401115 -2.240835539142939 1.6640841849919419 0
282.14533523795427 50.91992793171879 358.3689428363365 362.56944711762947 -0.6735565963579898 -0.590343531607651 0
198.89300470682448 285.3073092773064 13.310662821136464 11.119646096008811 -0.36655565065738444 -3.0589322007117485 0
146.9081612713276 228.62095817616827 58.36109476437048 30.38089443187096 -0.1439334339236464 -0.40024872331861505 0
147.3988956216823 113.63428395680967 395.2177556046091 393.1600530756245 -0.1963326099488351 -0.23796414447348171 0
389.8505699234663 377.572064069574 226.35667570525698 211.6759621206032 -1.5123152721016404 -0.7943412681426859 2
218.078146473634 194.38928474679105 73.2534752016593 71.73398321388422 0.900797119567054 0.7431045678672404 2
66.47608635073382 82.61034635595328 386.2294566942569 386.10597029073506 -0.08811512127219638 -0.16791337285916338 1
237.42916333872626 317.9514590746611 123.1842129962084 123.79105857260923 -0.21729620594860383 -0.5281893285023895 1
246.69181477792876 326.89077318372847 366.8449332644411 365.09338517612684 -0.3938333982986771 1.5102792571702262 1
115.99468286215816 313.8963229886375 120.44340711130933 115.32446260567133 -0.20722859275712377 -0.6893596108119967 0
260.7527367900556 385.56705808738076 293.1642989311647 298.40379613117676 -0.44783764463721065 -7.6600260281954515 0
228.4154617768418 347.19008592641103 293.3364362272049 289.1739005926477 -0.8439417844123808 -4.847241463291933 0
393.42076937848196 388.81346981832877 265.1247637407626 269.8013229265258 -55.69420239172084 -2.633515107503259 0
151.59719599141397 301.6937838431711 292.19174924375557 285.95848738425974 2.9435856687216098 -0.7368328566875537 0
28.93854987719103 257.7675946076045 167.24025224057667 160.858627410297 0.31985508671220864 -0.5054707861693943 0
69.02845342455998 65.32938108503103 262.1417520038295 254.72412682658455 0.8793466661894556 -0.7094097555906624 0
98.65295861002019 187.8851900977937 258.19084982853417 253.29799342440361 1.0233157339071648 -0.3133972103459133 0
380.1451425522098 308.0932078458339 57.93509504063613 62.86160924426849 -7.374867261715728 -0.6258462284227729 0
305.8250437703199 311.89288019841194 75.46216146144474 106.15465059433856 1.0952506642488182 1.1918954177793304 1
400.43996883055945 398.6949746122311 323.0995841456885 326.45375552411673 -68.52632834061124 554.0286508107066 2
148.16228469142683 193.87882855483954 392.0077563299727 392.7575917902834 -0.10998301547304197 -0.16927309963451695 1
153.48840100593713 207.1307716930935 329.95503722310286 327.06886074834557 -0.10312913261346184 -0.16556462495257213 1
106.57281314104789 65.51534996875749 109.90256335136677 86.80663783394112 -0.0567301228039285 -0.10805316267338207 1
265.24790316037536 305.06921672688776 203.905193047347 138.51413362568192 -0.29601094991022836 -0.3929721466529733 1
319.92925115260743 311.562294950013 345.3119859470647 343.36380716005385 -0.8689367604992602 -0.8053121114991953 0
193.53725140550785 250.90102980301634 159.52967236132423 159.72219182666922 4.8766615721468565 3.913829761746559 0
141.04421033799633 124.08731557886165 324.52369323614596 322.62786190854735 0.42508041558515863 0.18405675532691318 0
189.87010009706125 110.26990844779571 320.499400106616 323.70647384111726 0.29502543749172866 0.6460226257307166 0
35.944706273611715 61.23828130007023 307.9463070763485 311.66754791872245 0.16964840524630956 0.3147264051498764 0
46.05251108413412 279.5550295971187 272.13974797899175 256.8223776866257 0.21883652224483213 0.3634915738091796 0
384.64069215853874 398.31749733784756 239.24676791273586 242.8864891340113 1.3461412319579569 2.481030028961389 1
309.3306602295011 304.84241832529574 213.21302563342144 210.48858610089292 1.236968565584099 1.2767582349006363 2
117.19931898071198 202.4298194578585 315.203621136047 319.4142889119465 -0.09048872099163198 -0.2870664050191241 1
159.24298171928731 235.87706337070227 366.54550606994184 365.649146279275 -0.12922951803184723 -0.3970092396479293 1
254.20510634681773 405.184587639267 185.63171907027873 192.3427470255002 -0.46290459583137716 -29.916416068179025 1
185.17329480356818 31.311354482849243 382.8915164511632 380.2329456141636 -0.3478947889748523 0.18415499951420095 0
288.8376298519371 136.20071883428517 103.61712302343139 74.63455921642014 -1.0482389630332656 0.16369258036835999 0
276.7567156549263 359.53430822016037 263.35653182247296 262.5040235570065 0.513053755049896 0.9894719825704267 0
223.01337122544052 201.39863599491065 381.14939172728214 381.34077865401713 0.8148773682785967 0.9697559727871223 0
111.95346265036862 17.04587739046517 235.14911927855596 237.96698797573637 0.25479932156800505 1.120803339790001 0
387.96631498568524 359.107612720989 96.81859699523179 218.27606732293555 3.4605390630559696 -0.9541268895856153 0
403.1537014737742 396.5247495652013 127.86764021888628 144.03848946162225 9.318052081323174 -2.161325672006633 1
270.8807145440049 274.983798408346 349.6447291994323 347.83021820386455 1.1173613523834418 1.4265820907277946 2
141.84293013171782 235.13342965673326 166.87457847312754 148.33430769559482 -0.1820365829380181 -0.3235244761043245 1
233.6269420677244 315.71362519733054 198.28234438052428 213.2134982351025 -0.3367551511952996 -0.8418491897583639 1
329.2414114158819 255.51027899090099 319.69875348430855 319.10624792886057 -0.7613859482416624 0.4250272434579015 0
179.29061696487062 103.14202721395097 343.0560494938168 339.1842904022375 -0.45669640918831866 0.24367369722043347 0
351.57061496698225 185.1334351179978 313.6349105687744 305.58547513931353 -0.9014623994696529 0.2842589979185102 0
336.3399299700927 355.90065214181766 315.1394396471257 311.0388213467689 4.521797626655267 88.09615210904938 0
124.08574567654458 64.97484477494031 283.54875021642204 283.8879009109056 -1.7346220116526196 -0.4878118184248599 0
354.3817530447382 236.37094898107125 223.55724019548444 235.2962451268382 -4.1574711456090725 -0.32181679487676196 0
336.4012872441075 201.4086019767371 377.2762028558167 380.4682687753817 0.7338428584965291 0.8956896864485315 0
364.3816383271501 375.9386434177981 292.897953516032 299.1157065572876 1.7904700742816277 3.977201275861661 1
359.3934429148944 376.953556420553 271.4557588884789 263.9352753216072 2.69545108902243 5.00221772418875 2
211.70818211490786 275.3930074035401 45.22158060934477 105.59670916775903 -0.21017025855082963 -0.4493574523935895 1
205.3985835045745 371.21565080763617 242.53241778541855 257.4546531582889 -0.19633093188780365 -1.3481295155813207 1
187.6853573155302 95.79847909257217 323.0379353444939 329.2557596052377 -0.22176593526497076 0.47818132800087576 0
191.95709362664024 193.38043896255422 32.114213847454856 15.234510298673348 -0.8351921128525106 0.38742228752089647 0
116.30249397747684 387.0600188365538 72.9611139351944 41.33526043733719 -3.002498874459955 -24.083641275755816 0
236.63770752890684 204.42571607511184 222.0972227428327 203.3368070710957 -1.313782082736779 -1.2918596061414667 0
67.56906843897583 105.14372731200314 326.2643989312981 327.1812226145007 -0.8504356921958424 -0.2927623617041785 0
49.58546416431568 346.4079518201007 382.23811817866215 382.22426674584756 15.929859776704328 -1.46964086402416 0
185.46230858478305 286.0227657717629 274.83662291967636 277.5127646247679 1.1176764251497384 0.504279650297931 0
261.37283824924697 85.44005248725975 269.0995877910595 268.1437260259203 0.46025162938036235 0.0674012430920091 0
345.5835147860593 404.4100721038734 294.856498336416 291.5046716777984 -1.0763096520234456 3.4840883635725852 0
66.57696788963518 96.53826999320403 288.80332789047037 289.71264466988436 0.8488904868604896 0.7928179280471392 1
243.1512959187836 254.84226303457783 219.58992071100096 222.74394374940508 -0.27296769173180807 -0.3385769821816673 1
267.3916133565572 329.0518892714503 305.09937078523114 302.70757120403505 -0.28580315649711135 -0.6450332846239298 1
163.71591479285973 57.119134943260455 145.67881364158117 151.8711278600006 -0.45285671515443954 -2.941246148895616 0
337.5238830130347 341.6796560785416 132.9665244138364 117.43063007078302 -1.950290913403047 1.1338067433029155 0
388.81786252092587 104.60614989358707 241.0126359602267 243.36061614329293 -21.214062289267826 0.12067210469505821 0
363.3164394880416 104.24401930698048 414.40113778577563 405.3237538069537 -13.317146458758794 0.1563581437323616 0
330.49542889461145 354.85883986436136 241.747657338159 234.92176576773863 0.801122004708216 0.8206884560808486 0
226.57041179379752 325.1619631607457 221.1658012858491 225.3638834730318 0.6512392952635402 -2.1647274152227025 0
341.1119747003168 359.11184029780645 178.18659908087938 183.26214646806022 -1.5176867450682723 -0.9077063219078088 0
416.80990669069 398.085733595642 274.37985407670436 268.50804311438924 28.11879523244155 -2.932729316963198 2
272.84181768024763 289.46024301178863 162.6126263680466 146.70890202148115 0.9632849693936807 1.1227775584233284 2
80.36472030870668 156.61371555398364 105.99240599049536 124.12778119717252 -0.09788376663108024 -0.16065807440625682 1
231.6682732792993 227.2958641933155 348.5058081808744 344.1802637143716 -0.2834794359061294 -0.28668444394443526 1
152.23031090156053 281.4188712204848 361.90293428562563 360.00889640316285 -0.14127956174348938 -0.3956944254305214 1
197.1211008608094 333.0660331519125 371.23968432541415 371.00231448935097 -0.38033651699769355 -9.083586282869803 0
180.26560017361888 351.86798414413147 176.55804824691236 173.67382883617645 -0.856867300000508 136.2920823545722 0
390.47575561502697 228.8252172255875 306.22883038694494 311.06911171437207 -42.640861717259135 -1.4866901564735182 0
318.28830003645527 205.85410849142568 367.11177409056324 366.1377674426198 -0.5805976433524389 -0.10062580142047195 0
292.33732006175865 210.75498820108544 304.5502952423785 302.47702234438646 -0.6785886594610004 -0.43807079056110526 0
276.4498801125305 246.7684173719452 345.0964419791702 343.46365298292073 3.881317325460312 -0.5039717529696986 0
332.4319943500494 149.1502237668503 131.85654269377076 139.19056191029335 2.5524582014770623 -1.8111441244874464 0
402.51583921290023 399.7818879008721 117.80970274801096 129.4133378038004 7.130405524928635 -1.2133505243211038 1
279.5421574693767 243.4377735459432 405.79073096752984 407.390280140174 1.097621361444292 0.9260024766042955 2
215.53218278731345 276.6320443667272 212.31376055457775 205.25072618628818 -0.277339659116728 -0.5107432123943353 1
317.43311605725876 313.7854421400466 211.76552731667059 215.44351104114753 -1.0402407902541024 0.6792428621163938 0
311.9825192954107 104.127927960884 246.55283588080647 241.55503356712168 1.8340935464554855 0.22781780442021293 0
157.70002633327508 14.538044627494765 235.68804549040604 228.1539022984045 1.5444842150256608 0.2753978985621099 0
242.79415720651414 238.33674980961536 289.66074907649846 298.8877284399207 0.5614946038678831 0.20706446272576065 0
232.2495273614935 240.695999534395 353.50794158744236 361.08242296028334 1.2180224180022348 0.8881615045126827 0
384.6093352071222 334.16561354653913 37.49805797306292 100.31536150685011 2.3899104428521363 -0.64052487206937 0
167.53643840773586 269.4782456173142 139.69227674720193 136.13128920442267 -2.159739428754786 -2.6308181681086396 0
125.6062399755589 252.56873374566754 158.75326251413088 151.0477186566145 -2.30665723379132 -0.3117361789652202 0
261.62405552495534 299.2921167501413 236.54884977470235 237.20372585262288 -0.9422826378526638 -0.6744210514338748 0
382.6706031619812 324.9492881022825 344.16043867647363 338.13978142034716 -1.5243554892961675 3.226198048189947 0
220.3123557547146 216.29764750428546 353.2043301389692 349.32100824174347 0.8175102531613037 0.9025024378892832 1
375.7768733216386 358.0849035017129 231.86181630733907 223.57565280993668 -1.1272096736773705 -0.8426273041550424 2
195.4951657526982 260.78683600908965 293.3594754224617 277.78172739625353 -0.14976947274657193 -0.3225456165854162 1
63.27290498039793 223.92692639707965 293.8168092671528 293.1084621575712 -0.0482265067706603 -0.2626018887517666 1
198.7597389001088 290.9644482149506 342.25380599713367 337.3288997757527 -0.28926648162631385 -1.21958715449542 1
298.20453376997006 275.34913153791643 225.86245854419286 226.34965188990313 -0.44307212766979054 -2.3506311044626735 0
128.53151545558498 334.2783563832414 337.857354967133 336.7793552823273 -0.2935799297324268 1.923625683963377 0
306.91445392568306 146.75832791758663 58.68237234209619 12.644349193683274 2.5132828470064323 -0.7043995195467848 0
231.40104800092348 368.9643150662646 208.12479868557097 171.03880778706477 0.40721728752867065 4.048302688518141 0
284.48345977193935 351.84293299208827 272.5318118792477 279.9728929876492 1.1631148454529452 -1.6527532693405929 0
368.9965252490972 392.85181664098366 223.95847556742405 221.81962618789592 1.622927880898653 3.421665379418178 1
351.1924375547103 364.6270243711956 179.35673453188565 176.0653704709779 2.263630239297292 3.6570822013502773 2
177.41137659486876 245.854372498469 344.25623909100364 342.97018511376393 -0.20163607390352825 -0.2771376314565386 1
254.53601661279072 351.0764875047263 216.67939648213957 217.57347031175982 -0.21747030385886315 -1.4433359239860555 1
336.45327736660323 240.06085287788744 184.1900022096387 175.61434795321574 -0.4382713903236966 0.5141549656065094 0
226.7835241504332 229.66114855433366 314.2724638895185 315.3229424149704 0.8280820252490185 0.20711770020861525 0
371.24943590910516 364.0158520524539 277.0143482450983 275.4091167091598 12.196551666078344 1.2823090307335268 0
283.86676536097167 238.94133059033598 192.10158816681593 177.91444958459093 -0.8173528818525738 -0.7557140922485625 0
263.1129895182513 43.35424667829925 161.46274042271156 232.20218879260534 -1.222328330974857 -0.2978491679773122 0
308.1775072939512 325.89604556748395 120.26642333603932 62.65087951040833 -4.261992175440969 -0.5713346365021732 0
76.31295495021782 52.53030420239435 145.5968749655469 160.9146180300577 -0.5662638654460704 -0.4194756310363615 0
27.21646562283282 27.083492169968654 326.976248088252 328.10530495763606 0.7095631396263931 0.6713266126222751 1
220.9059750995341 201.82312887443217 165.1192388439619 173.00150090377318 -0.2095251525128295 -0.2019557611985105 1
259.77223148237294 303.73163758110104 274.4835592080141 278.3237465350763 -0.2569547234099847 -0.35628795295805094 1
265.41559570467325 373.4679487596188 363.98198966676523 363.6529828972497 -0.23110572244787617 -1.2705228621003901 0
320.2819251816582 9.617242637175956 354.1071935126803 354.4733829059491 -0.5616309227779709 0.39804088750805766 0
264.39361834894964 290.6425023886705 328.1232396623797 325.63652282794646 1.095752488465968 1.2581326726085693 0
360.01335812667344 83.32429198143363 131.3728591321147 133.21562546397502 1.2363268987784632 -5.037701197518088 0
365.81018652453633 135.08655063208215 368.20687396670564 360.4364691142895 0.8802955392788017 -0.3725025862628369 0
221.82423211495555 167.65069218699463 385.83394699669566 376.9047308176888 12.525496295170251 -0.4021628693665788 0
150.60635699250105 108.40715964788409 202.33440272623005 191.64960641371124 -1.521647606432597 -2.4360291578172455 0
9.072845141130413 230.5622513433767 330.23759907609707 330.3390408298928 -0.6580968316021736 -0.6068736667852066 0
419.4258405217745 416.69720840913385 318.132086233691 324.4900841708402 3.3296337125040196 7.623296738750057 1
235.32818924084793 254.77431994874846 221.04076387612216 214.3360897334437 0.9217295482340918 0.8188850462111447 2
174.12137669825964 165.85886707955245 326.3602583763158 327.1367723414156 -0.28328560934534264 -0.30814819618811523 1
232.16245743708612 340.4989144616147 361.1981379886476 362.6372094716146 -0.7103777225893204 -1.1411183120960675 1
200.74974676623756 297.68459046905906 224.29238425645394 204.23518879530127 -0.2852605359198407 0.9565535085029998 0
346.5603177773245 94.76478054005497 332.9533504356567 333.14922523345865 -2.408313902303331 0.153871013886095 0
228.43576622144104 243.47388175454637 260.13051531307434 258.5648014039518 -0.8349424038472874 0.1935145131365013 0
351.277882232059 8.755389260795711 348.18819633618534 347.900313402536 3.0978021391183224 0.29400156527266114 0
391.48458145742495 399.3927887576467 333.9757408207397 335.4903851696348 1.3869971100007161 11.897086714196355 0
49.86501748818233 289.08672334138225 386.0792675391318 391.53546539407233 -0.30871681895240605 -0.4687643324466607 0
253.84372433459765 288.2236480509994 246.24121010347807 232.64718610317357 0.4746752659664903 -1.2886762072546254 0
56.49877845633084 116.18748433686167 366.3781432749548 368.1574369237652 0.5776379788655605 -4.771003650732748 0
108.914487620823 151.73273768115573 202.3030401333864 201.7042327294393 0.2847777331494154 1.1660810661330296 0
358.44839564447534 361.038789911873 315.017504445059 314.487791121268 1.8156200084385403 -1.681677158749926 0
155.13038753603732 195.4578215193086 286.9725063825892 287.4532548466635 0.6479740794478632 0.7784125324623831 1
333.7904146204648 311.5079014804323 389.742898524934 390.1097849486081 -0.5567244097337843 -0.5555681176436376 2
199.86534322835308 298.8865804455577 247.32144136705915 230.45659425365358 -0.15869933673791528 -0.6227533738368993 1
76.55788187648326 65.1063515502582 29.106794521678637 27.68361643578484 -0.05938027645649579 -0.5489739154591218 1
278.4990672308345 123.06142897469692 156.61121755266853 176.41479042618337 -0.37437736910569464 1.6037729693755054 1
257.9991652277044 194.06143737113075 388.01188520215464 392.85257544148385 -0.3326742145924918 0.5984557200479291 0
350.4516698068808 344.62361554907557 263.5271913759285 262.2943271091567 -27.26822827319337 -0.8667225961021631 0
130.9814082268463 166.84291219089002 67.2648049319533 65.21521649888763 -1.7325231454249626 -0.5194487166989353 0
42.43397990008324 349.4233501144269 329.39503902135885 327.313025061956 0.666967138248289 -1.0259586717567193 0
323.0152833280596 310.79735642671886 294.4851051247416 289.2586420454447 1.021599426022067 -0.602865370136556 0
114.31937804603767 262.60584426094886 101.02286042284639 86.72025642738772 0.2689256973368996 0.37108846472219104 1
197.21265978867893 130.35147329238563 136.42956263483012 165.13032733316808 0.2130248222355596 0.3026275082426316 0
71.05344833202525 78.76383508524593 328.23510163524884 330.74460614966034 0.611457731977636 0.22402171080360575 0
306.0303584900204 367.5039031248117 114.5907565188029 119.71401886184955 2.8357009359121363 -4.762050672757535 0
302.75797882739937 372.0910993076551 330.20757097557197 330.43436007064497 0.8142973472341485 -3.4576525506107334 0
210.93958504793162 130.81061307452816 304.6526374414935 312.9824991813533 0.5614682206748782 0.29679377368354226 0
387.984764628001 289.47331251927955 192.68500877236454 185.30997862977773 3.2407886153654264 2.5302449406647436 0
219.48609636137658 241.25080103539025 312.62086871371156 317.65134110399794 0.9048219527215704 0.9520747827230721 1
373.01253337256514 370.5536837999779 307.4292202993595 301.2690282615529 -1.2548616699348871 -1.281935478697089 2
144.48512990201314 188.718497981423 362.7841312336797 373.2130577689171 -0.11972869337072446 -0.22956232283424463 1
163.77054362947726 258.42757445871416 286.3207107750872 289.33481453035176 -0.15357493152535148 -0.24534779653915625 1
207.97415817418457 304.72525529536415 150.80480341048056 158.36977303757317 -0.20733854395249948 -0.672676807205308 1
253.36854734034347 73.07941458654729 362.2136139081309 359.8765594312712 -0.29897618259216924 -0.9001076791155076 1
152.15706657582317 126.68306331041993 306.2394388234297 311.893887766111 -0.5986812798750627 -0.4358981009618082 0
