2.257505069740519320e+04 3.570558468482297030e+04 1.342509072307565657e+04 1.920426960536637853e+04 1.061816509282291037e+02 1.827487914798764450e+02
3.789388953449234396e+04 6.550565824951847026e+04 2.218291824933212411e+04 2.821345273217692011e+04 1.007376738894418366e+01 1.447511450857224702e+01
2.690528844540395949e+04 7.237994753825741100e+03 8.150779327126762655e+04 8.422796378118661232e+04 -5.570630649752843055e+00 -6.631324277534367262e+00
1.371061131952908545e+04 2.087868702340314849e+04 6.623873360690058325e+04 6.631800113007855543e+04 -3.456121824949543964e+01 2.931913005577351328e+02
9.989818670919399665e+03 6.075172804536142394e+03 8.916691313809391431e+03 9.042624440117257109e+03 9.534225927554636826e+00 1.704330874666595363e+01
2.584448180001978835e+04 1.998015786094680152e+04 6.555669127359830600e+04 6.655695541244155902e+04 -1.738768613402308105e+01 -4.063765388492392105e+01
7.968974338814736257e+03 4.343530002383078681e+03 3.957833161735731119e+04 4.283425296789865388e+04 4.947259242493814924e+01 -3.602823370865523600e+01
8.002688667414581687e+03 1.233362462668669423e+03 8.731850475460304006e+04 8.728696379927394446e+04 -1.437369951437673308e+02 1.751117794962698895e+02
9.395315218388916037e+03 1.090899305378705321e+03 5.580341015464001248e+04 5.532012037092637911e+04 4.612037896375290558e+01 2.292308930074100815e+01
1.061387595640773070e+05 9.283524460946269392e+04 2.599999562421676092e+04 2.806694422451627543e+04 -3.149519355495838795e+02 -3.422754895615026953e+02
9.806561766348511446e+04 8.488218440531492524e+04 1.418002044642795408e+04 1.100689122251275694e+04 -1.903584572163451227e+01 -1.895444195901695394e+01
2.263712737112889226e+04 2.862875965357624227e+04 6.643808465836412506e+04 6.804016866291355109e+04 6.658936999504920351e+00 8.527780876606703586e+00
1.265352622270947722e+04 1.923069954241983214e+04 2.091683348047235631e+04 2.383681104927834167e+04 9.049163253850451838e+00 7.792710691925785582e+00
9.845065216084247368e+03 1.895169913600097789e+04 5.118987459772069269e+04 5.310945723849007481e+04 -4.888829567615798233e+00 -4.407826335041701071e+00
3.060739802251191577e+04 2.799576812802902714e+04 1.089757513623028208e+05 1.087889932541315211e+05 1.071838597024959583e+01 1.174243488140867164e+01
