7.168785883366123016e+04 7.977475045980927825e+04 2.788988096056662107e+04 3.551732505152436352e+04 7.394050054173799680e+00 7.320585100683362434e+00
1.317799553418111755e+05 1.173111944543003337e+05 8.004027476728353940e+04 7.718184923422989959e+04 -3.550516116900158448e+00 -3.122932915914700125e+00
6.186740998170494277e+04 8.362906526289725662e+03 3.154305981349877402e+04 2.584944102766857395e+04 1.339531580919984854e+01 4.620737719693755352e+00
8.522771803625470056e+03 1.419058660528013206e+04 7.341625536904239561e+04 7.590094607557929703e+04 -1.456115023556289501e+01 -1.219098059030184800e+01
1.005007549842367007e+04 3.303997686666183654e+03 2.811635165963610780e+04 2.855643456415293258e+04 -4.361974725468282372e+02 -4.746442814166059065e+01
2.006717366417308949e+04 3.132864943293482065e+04 1.138941311240567011e+05 1.144408553920065169e+05 5.125615487197171660e+01 4.509151973789668659e+02
3.195156895641528536e+04 5.176864505771378026e+04 1.140092414778056554e+05 1.136622576299375505e+05 -4.543787119655260653e+01 1.910484501511624842e+02
2.064535650903446731e+04 2.125954941427931772e+04 1.498470033840802171e+04 1.300453467528413785e+04 -1.219098417688484801e+02 -2.720635083103911711e+01
1.457928701020870722e+04 2.374233453063665365e+04 9.306299626087900833e+04 9.368787648256526154e+04 3.349437778859425663e+01 1.256990108424311003e+01
6.018158511969862957e+03 2.135310386931030735e+04 9.435284994548556278e+04 9.537108962151301967e+04 1.386445252039640081e+02 5.034985297515000724e+01
2.098016664303525977e+04 1.579378778764306844e+04 1.864192925099293643e+04 1.736578725891188151e+04 3.405037233974970263e+02 -1.631723601911509292e+01
1.341094545740497415e+04 9.748813335574619487e+03 6.451920481839228160e+04 6.493852251096016698e+04 -4.520628803728958189e+01 2.460547580871598683e+01
6.814693869588490998e+03 1.091317296012272163e+04 8.830179805121515528e+04 8.659389583117156872e+04 1.074726030012407136e+02 -1.708772915847564988e+01
3.028094809468308449e+04 2.570109470265909295e+03 4.806927983961895370e+04 4.473917134073933266e+04 1.589638368590328810e+02 2.213898532577115219e+01
2.570810619732639680e+04 5.549151249410241689e+03 7.146583767639147118e+04 7.349162063335948915e+04 -1.656334435821069206e+01 -2.039060362432877938e+01
