258.54033396495015 225.8302556644079 268.1975843222161 157.34870080082626 0.36704318946346864 -0.352182052824263 2
248.3340493015534 207.41116137850426 208.3220112602341 16.387825893164123 0.2516877094383392 -0.19865725637748963 2
318.44933552468126 146.8533746677054 155.68058030082855 266.6759190653287 0.48701622777394954 -0.12447744800964437 0
406.1525529037356 395.20747570733494 384.9450729188372 350.9620242776732 23.23989312317594 -3.2981463900397205 2
284.09999484335606 270.7103565389922 124.16441703348428 56.65849831360653 1.1674634272141697 0.9181863769466593 2
128.25875882500983 220.2474641457548 389.916048713398 319.21784225762497 -0.09593491675589454 -0.2907714027020615 1
220.49471029006807 376.29445312925066 411.76977702358545 279.6729100161369 -0.2053267043846994 3.30772514958342 1
26.452869565386113 126.51582916129107 164.0206212195914 277.2251816062768 -0.07128398931461992 0.10869652420499397 1
155.7463634951043 52.304122299056566 289.30230230384274 323.0350001208368 -0.18236310522824714 0.2816359836645742 1
89.45166890153902 21.36628893966183 75.48843139618427 32.79624088749482 -0.16818162426818986 0.12138077530735204 1
252.142990905864 38.24965016652922 316.0500208112385 415.4670480117594 -0.3002611359305827 0.2604228697030979 1
287.2942653376898 125.12596987447478 144.93720994667487 89.05577043288176 -0.3141889291693372 0.14870823270689945 0
105.26527871902172 287.0011035643448 181.84082563566682 23.08862641612237 -0.7006807100887866 0.4346032939658913 0
180.73975970564425 329.4300306602829 259.5103855347036 181.04326971517511 -0.5865616389119321 -1.325079597984537 0
280.62286121738214 309.15471282857885 135.93021179628698 120.58704983882424 -1.106993593418012 -0.3127928849398828 0
240.4251604654444 294.41916532991644 346.4548581981632 338.9744049666907 1.2324313918442253 2.0540092068485323 1
332.793932733775 332.82427241482696 199.006116595285 184.83108627833303 -1.0465508589775159 -0.6129517236885322 2
389.14845367143755 404.9388358542038 360.41620723195547 361.8434497264277 -3.1765107199952753 -5.4263061405489195 1
206.6728592842062 207.93691745962008 366.17314296631014 375.03442157264965 0.15946926540402823 0.1760712678023409 1
144.0277356525512 31.91702558778276 254.89544808658394 236.63579143766086 0.13663279227031447 0.03599279088337336 1
290.7103826439144 247.3119573999667 135.91426043935553 122.49784634084764 0.5069983125936415 0.31488000086948414 0
121.59891484814773 273.8448318290086 287.0062856712516 288.6831785368619 0.3594165847697371 0.8096355108449704 0
25.79116251873528 265.73080336873335 219.53836939295707 220.14659497157857 1.5609645164403856 -8.445622947035142 0
361.24030559441997 228.30641117540083 366.30444529721956 371.33719677218244 1.4199780854607822 -2.9943098834537505 0
225.32269402048138 26.260461651778783 182.88866205192747 186.41140986034213 -0.3004934822459689 -0.3020341238081854 0
11.292969858097889 300.39162973036196 60.88949470988219 63.36633063723085 -0.2831142443754208 -0.34395902522140714 0
310.67305265562334 342.7380100392427 326.4638732478988 333.03003758421653 1.3908229158361798 2.4294153933287372 2
393.53457704827974 389.34636229941896 259.99736841012054 274.19765648145 -5.6102149285225185 -13.641784570404457 2
204.7933299068648 243.04031389283935 302.77490273245013 302.0781732303903 -0.19879085851244924 -0.34344344170719876 1
238.6649334434578 329.8360428899906 398.2238246492303 396.6576503278979 -0.24439569863234653 -0.7095408014765299 1
244.52327269239947 321.1073132116204 290.82377361484924 291.503453916199 -0.34164361731906634 0.6393118772816806 0
135.88574875021357 336.33567922558245 311.7912920301264 309.5932614444947 -0.3153291739661284 1.3041834379584738 0
59.92744812439377 205.87531925928585 268.43963769967684 277.94997784011673 -0.3207897893542064 -0.4137352702015024 1
355.69225252203455 317.94474768390523 161.42341773316585 179.3355835455654 -2.2180823289041465 -0.6069978111269351 0
213.37285621528676 280.0163334892036 59.3833256135695 75.52354740133137 0.2446149911170796 1.1971195428833306 0
73.53880329913738 34.142183666540056 129.56237865982993 116.10438086846077 0.0877730178386425 0.30534722700232814 0
282.3743913634619 338.31355179776835 416.98821907682026 417.36960255820566 0.4561114457150644 2.977971076131339 0
302.05977055720723 96.87818239320298 158.38469047405894 128.17040033548943 1.680319870799834 -2.6138952740461643 0
425.40867023194494 342.2394607749079 44.17261426010882 86.82842563670057 -3.7010443556762076 -0.5732288511858334 1
112.07510241482561 143.64614472735167 144.27658255264174 145.53515458587032 0.5904596594480985 0.6953614315347243 1
183.27687365456896 23.39941404598137 344.6895916824347 350.1885451739088 -0.1526859508270569 -0.09901649906702943 1
166.61273480710173 317.27273940921975 18.137347165808883 9.439559013033286 -0.14418246052218503 -0.5121312765685008 1
147.80060791730367 288.5166445386934 395.638476751009 394.452597051002 -0.10919993961892914 1.0100533538119552 1
284.4948574824723 97.42437378754425 182.8803226159441 184.55033548277473 -0.3796324553953063 0.42461248563212833 0
96.91707760705323 95.50330951371217 379.54257484626226 381.9696409344267 -0.433168339347439 1.337015381475878 0
248.65280280494557 157.08908869426574 118.27528786952594 126.48935765731648 -0.8799197937894171 -13.772265202044695 0
194.07304399004389 193.2239899484601 181.92038911004258 174.29923424877265 1.2198702517653186 -0.8477806569744533 0
159.38382676966899 333.98447698935877 113.91226771099375 104.13419395555712 -7.557461173951595 -0.5980106613539087 0
330.74006392179547 298.34749278334857 271.4415231750251 277.3678984455295 -2.153803421932559 -0.4381580286292955 0
380.47114254831746 398.8512475291928 333.382384915786 329.6422795335852 2.160790395628888 -9.689489304680027 2
333.4384413082332 333.74932177272814 338.95505524952125 346.18325201631137 1.5314149188496493 1.8486891298112884 2
131.93774297232667 234.2058415312268 58.753160561284446 65.52387057616349 -0.16223888990812824 -0.28408118827081763 1
211.98038258965596 353.29335239463455 239.15033510464593 257.81948686757454 -0.2652139709793442 -0.6134506682757384 1
187.47651651849935 173.62721393793555 222.2469886963346 221.66894781170149 -0.2221869021993337 0.4964242917214988 0
170.24025664678948 234.4944257550476 373.9066957560499 376.1198858330462 -0.710935272186679 0.5429335870238199 0
177.6509273045554 383.32847613135414 220.70603297032977 220.52093287524966 -1.6014004512721816 -0.9350808688996732 0
153.08850794181876 275.6983747538067 363.45411192680456 353.9878790112891 -0.7173277693632217 -0.6522298126477437 0
362.5287718737628 355.03741278520255 14.963626121161044 36.61856167833441 1.1563994002813274 2.6081106922068136 0
97.41617527715653 311.4097728221632 87.29098813423161 112.15192252123282 0.6432471479642353 2.02049053075402 0
213.9505377252337 269.6467182908717 136.77826424145772 127.1099505541914 12.123203377561435 -1.2956162234332913 0
119.19027823072001 136.5597627787514 137.9204032896441 147.33391972346183 0.8868674327779313 1.1158414004028754 1
219.27695835150703 86.22990611934708 389.2362681841154 385.1919951195377 -0.3882210801717824 -0.707455022907596 1
336.0769636161188 314.14084705949705 258.17899746532566 257.2776400625702 0.8292161033809006 0.6863408756046365 0
10.643680879259042 63.08095259124376 115.5864445741881 129.7291449094217 0.3417274374621802 0.088506879092895 1
246.9258489871158 207.0142233969275 155.79052255949276 179.184848816805 0.41201705847356046 0.25864676804771003 0
13.023540958371447 319.2372553604721 209.6273252339705 207.74198051977518 0.38786605810308145 0.3953780022775903 0
341.37463459063383 164.30828656467986 326.80045022971296 327.3492370660691 1.3882142788327263 -1.4434305252356854 0
166.0445851957455 220.01266246291885 276.35634953928667 282.5264629300948 -0.3260226349615701 -0.5266093437570256 0
22.203191982492687 25.996000008077147 208.77528223325714 213.79721595173504 -0.2257941776911398 -0.284027930841922 0
91.56775878992858 299.5160911895641 323.0037129198194 309.30678908668244 -0.2640546509141125 -0.32273534037875634 0
192.74115193236503 243.35514394178625 105.78078652170984 64.39547574860202 -0.5082704030441308 -0.354912985146357 0
345.1008483314456 287.1905249563445 204.01502680934556 215.80930606422237 4.2303891749184 -0.9638733476422345 0
298.65085102797633 224.08121511503106 244.86634622152135 262.6194909470937 0.6178546979553553 1.5629125966810415 0
410.7578643628722 421.2504561305114 313.5119952915321 315.3541990194575 2.7009835074089645 4.069750618452412 1
230.84601064065504 220.64047634986895 70.37394700610649 56.01914848141672 1.0342185331659264 0.9783298763618475 2
11.813877625397552 84.59630329213357 324.9305398970098 325.81772705637394 -0.06369560345255815 -0.08813580003148312 1
129.25197966455045 201.63677123634642 311.95482604565285 307.903420537212 -0.09566663626298384 -0.12998360290902697 1
140.85667231779027 118.90503580339346 304.91560297801084 300.58990780255004 -0.1236094101893435 -0.14404027240312475 1
72.13549152975365 36.86805830394047 83.37718820105087 62.376793872268955 -0.0909075652932162 -0.22439536069548247 1
218.165760867123 285.317591371739 132.4745159897554 140.50247030809973 -0.33953283396618983 -0.3919580085657108 1
297.474825739159 294.3481403348653 216.0237510818161 208.7029678386835 -0.7134723838969055 -0.3570403680784259 1
320.38872368866834 299.2568306380829 340.4802154485594 340.6003816814924 1.2080661979231893 -0.6500959611483075 0
355.3762339003972 375.02154456215374 235.02769650310617 232.13978226493495 4.782241496483125 -1.9965049767883336 0
250.35712148945305 282.6005353388615 234.28572955825788 183.1727843355878 0.3776437109574905 0.28912605240906725 1
214.0539577320799 288.1202102638777 316.31933750662387 319.0652199391171 0.11922796799784607 0.250537610074031 1
288.89526667578394 321.1425282829545 344.09991594549217 351.2770906939163 1.1519100021770594 2.069801765278376 2
400.20446511013614 392.9152782152458 368.5122141657557 367.9064309364856 -15.91779405451687 12.24237577824789 2
185.22162729870988 289.7097864786673 336.8048776745204 335.8849160365409 -0.19097521710695514 -0.4192541354137814 1
335.02565358248154 344.33640950445 218.57592951207184 205.71398075648293 -0.824313455392211 0.7002014337142226 1
256.58061746680715 106.3978930207818 412.5455915651508 412.9836411173335 -0.8749171341396557 0.11974324888622148 0
44.543779792181304 333.1327367382488 41.55117144249979 23.310888805156342 -2.0836555206004963 2.8783395552745565 0
351.837551791652 293.0786513287244 343.49740488800603 343.51764626798325 13.938232274455522 -1.63007761659347 0
250.25191390400946 131.62584306587755 179.41572147681833 179.5612556927403 -0.34776245579751414 -0.58009563844825 0
272.03006014662685 299.12103445229576 256.6904413726701 265.095987148655 0.46187407677175524 -1.0552717242585263 0
128.65064494356346 375.14434294282376 249.55225324129947 261.8089988240815 0.24546017449662783 -7.796058750442878 0
98.42044519420676 346.79652358571764 309.35837091826784 302.16475931598984 0.3772553601704389 2.2868402826960543 0
381.52353148978386 373.6594307607837 355.0976681657759 358.8556113932948 1.6974977301928271 3.285668398267361 0
358.5751673704806 372.92891189915576 166.69523718231528 157.98191223021482 1.9284694415071055 2.0108367707105352 2
380.55980723755033 380.6007630266975 248.43111628439627 254.72626651937676 4.591249748051611 6.753968094644474 2
220.56090928057097 276.8542403438465 74.16746049968148 106.34145179687378 -0.26022430983354256 -0.4043465067272117 1
189.4105491353092 287.8088537325879 325.3660139531471 340.3859604418538 -0.19911473209238525 -1.9094764388561705 1
291.5416574524053 250.17345587713328 206.17481990928582 203.85500680828585 -0.5064396198520172 1.312288613606455 0
88.74233580568244 231.2326330229271 284.6478355526747 289.1661238646799 -0.2851651097252354 0.5423127690247189 0
285.69472674867086 351.01960770047043 375.0252224365138 371.5757076749688 -1.694798341419718 4.453770150845613 0
118.5691805672459 231.30083535153946 240.43358157952252 240.94581408433257 -0.8735581864766129 -0.212592678328994 0
332.9057843403068 309.3923303547634 270.9005599924536 273.1974351242299 6.68277586295119 4.536716041429532 0
134.65815038713157 205.052405090592 239.45512530146073 238.98514853979796 -0.699033389144668 -0.5951488823751386 0
204.72546768090734 85.6243245758911 403.58399808590593 407.71941170308804 1.5830112044371312 -1.112428941944064 0
299.24660988717727 282.1274470107863 115.64409911944654 173.30261287402266 -0.6819001545590623 -0.5878084088082268 0
340.03225833437256 359.48554453408883 26.6490979817159 14.295759752989257 1.4377240469738513 1.788815534298865 1
389.6117542363084 388.42330787964335 308.64948357669783 303.78752652712933 6.907525592138634 9.275006515681863 2
144.7001725163718 215.06052617927548 399.5026207772442 396.3475281810761 -0.12507074142572724 -0.22922905703172178 1
179.37328906053102 280.7234596469965 185.4700069249944 182.956897137711 -0.16842231881532574 -0.3436760876175001 1
240.73650658159534 22.159945841966124 267.56478613998837 280.37584881723643 -0.28458841136638535 -0.1541113799216161 1
267.40022471817747 408.3726650847361 216.80393883609975 225.72924402384743 -0.663096731402454 -7.8185017537385155 0
237.4651890601031 170.19601308101238 118.1681827219702 100.31080322268717 -0.7071592439259924 1.7961344569405489 0
271.89024898145425 329.62743799358657 292.5054113246656 279.4674914364172 1.0954793648369574 0.4881223477061005 0
206.63513650725614 181.69140415784176 184.83357894034685 194.98927286159253 0.4461003852885689 0.386878546458167 0
319.84648505275527 298.4828049980621 268.5730882404491 277.46841213054034 0.435809236677289 0.549297476532246 0
238.5348788820167 229.77177354566186 199.52776036778158 208.60742638424503 0.44065312978017573 0.42639807382050177 0
258.4528096256944 76.56673996497935 346.2336306518864 348.491045793329 0.3838973222595979 -1.308952332491714 0
305.1302681643796 389.72066972401456 273.53945926897876 264.4131461514335 0.5656515896701639 -3.6730857759490734 0
89.934454300357 86.70909528335619 243.4386934503019 233.48912647251382 0.8132644037618038 0.9690061760297438 1
306.3919149334557 250.30705581596783 253.1656178827961 264.0113596945241 -0.4270273071969733 -0.29814351998287053 2
203.92581363851554 295.3643211732144 339.8769593119925 349.3286908736521 -0.12804500836730956 -0.33127234449826504 1
252.29830666710842 377.4530311446392 73.45832715459066 56.28063799789349 -0.3429912203067783 1.1747040344827027 1
204.031458034777 188.12690767176937 299.0021435472616 299.36392898521433 -0.26724605305524923 0.3633297065896524 0
120.22594460552712 342.150836166281 86.5949517413688 61.965196279809646 -0.8307592764857396 0.6456361554102811 0
103.9961528445287 102.77463583215228 303.9597446098295 308.55560728792955 -0.3981722029543185 -0.3606115417068682 0
312.17940385772954 203.85371533361314 289.9642005708676 285.15052010986346 -0.9021888364020892 -0.25041752462068056 0
319.70748638430246 345.8896142565737 324.1099604148284 321.19892364839393 0.47618613891491995 0.7987885267701059 0
169.20880985826423 29.093376300491755 238.8973100332504 235.68150145436695 0.14094578319400586 0.1110756462619527 0
10.450677925078997 4.818745049554483 298.1635404359187 297.0038563982073 0.17197447860799192 0.1433642595666106 0
118.34533673860925 301.13505191780877 290.8123512623965 301.3881610443633 0.22999277033394075 1.424549392945728 0
258.07840812401093 266.75607093949054 378.88656757794524 388.53999284852335 0.2941366314989227 1.2754736403846147 0
383.4840036964175 400.95821909627483 85.6740865664784 55.7494736836546 2.0311772102046186 3.654191598676642 1
349.73144971641966 337.1739860811359 233.58768169542708 209.503218910317 2.236783685167047 2.4857592178589463 2
182.39394993257463 187.12968840629358 22.566869621503084 15.447831013413925 -0.21076315285431269 -0.2518375860697797 1
256.02794856391574 326.44231331062235 378.032511165747 377.73649629555007 -0.3517292618799747 -0.6671164501973242 1
289.1568131827106 356.4639367555077 265.3154285771134 263.5318285396399 -0.6505947845907828 0.7137887560807282 0
112.38079799254311 256.46282695794764 309.54615879109883 304.7819427406614 -0.6038133542218341 -2.097795367514643 0
235.54352399358353 264.23875856446153 389.76948049158034 390.9161792867018 23.528603627392524 0.6665937025289338 0
275.1812742784137 107.77111410244352 201.70087875375037 193.31094464479887 -1.583049725359376 -2.61446826925557 0
244.48783199572938 315.4762516679058 383.77492819722414 381.3418097644701 -2.2193310811180695 0.9628597254090713 0
329.04136320673064 328.60445911269903 284.17900916869905 285.58853883148606 2.9771808243558913 2.6748333706143193 0
302.3216183659877 128.03092026618407 376.868379077062 376.74797174789285 1.1688109715167905 -1.6215035074421307 0
166.80485617011522 330.38887020630864 288.83115635539764 291.3003302852409 3.1799075639030288 -0.4961812140012592 0
298.0003690424339 223.24260098090463 152.412131739631 175.11757716651542 -0.7854458957116595 -0.32748722098713656 1
119.24429186276078 119.16966647016478 322.8847738662347 334.80057047723847 0.7186340722794946 0.7360363950224896 2
129.98805870853937 37.54481898069608 325.5489925739105 334.31503265520126 -0.11562432462818416 -0.17414934812246846 1
221.87394320329798 306.4339336937132 139.81735330106216 135.21707283257192 -0.2583320571792921 -0.5585133800475586 1
136.772225100119 56.4220056960847 377.9539023483287 378.63933063038365 -0.2510193735588062 -0.7611284541113056 1
180.28283233159752 110.47789474349679 335.5139807760345 333.4959463894461 -0.09008808403505938 -0.32314439520004123 0
294.54777527410863 152.14082247331424 322.13524322911667 326.9810460517057 -0.5871275886987092 -0.4762311228837744 0
215.75339467464948 192.80970341175356 298.21373422736644 295.6757192783209 -0.6134754591298143 -0.3014130979408886 0
29.161620229663363 126.43857555713353 61.562677470190636 112.7629638142009 0.738209678710484 -1.1189363414872644 0
327.59621327360094 330.80129918495913 119.86259057786958 74.94779735285807 1.0977869365205752 -3.254792130223726 0
200.27226076465664 374.5436172841585 326.0232800122849 329.7722102722277 0.26162485710888034 1.6528302826658396 0
273.1126014832015 377.47951186109424 282.9562911366999 279.74214782528963 0.5331130461925929 -16.25908782344742 0
181.70288595187307 374.4606469941235 300.46520682299285 305.06268140905445 1.3436120812336272 -5.439456370828497 0
29.667744771263724 317.03144585387986 335.4246062873892 331.4174624558192 -0.9289669658993853 -0.6399562839063201 0
324.4834567045715 322.370332126444 98.66134719576797 111.14654307590823 1.125499821852422 1.1469474582550687 1
383.96947831971363 389.2178334250726 396.96833488096127 393.5579254266997 4.491985275869555 5.6906906914015 2
139.58718983730944 205.7062259375701 363.2989193038952 349.1204337287452 -0.10100069473735583 -0.18513591021274453 1
115.03437058686933 237.1100474663325 294.3691773627039 283.8419477311093 -0.12298588176034461 -0.2237217367876532 1
242.83302240343374 175.95622159079113 395.4555813529438 395.49051542650534 -0.3460550260006771 -0.36504480405220996 1
140.49170105906884 359.03789804444057 158.73724218000228 156.95623399874415 -0.1560976203837009 7.828670006689156 0
147.83665239983975 342.3401667891037 307.57160781974653 307.628450877231 -0.21105014476143852 -1.0236280201569723 0
102.54003963572328 201.06216481298816 394.4518730501468 395.7153006976107 -0.2212312384717844 -0.3096656198536429 1
407.15750985754585 347.72887295879707 317.83620490652936 322.5025327063785 17.174409060881292 -0.9450126773240535 0
161.94106687247555 254.928883839896 175.04977237808163 171.79630299328312 0.15057541964536098 0.4580048721944594 0
53.45365294839127 50.18112023394222 219.0565579972257 214.8481819735261 0.0966432802606611 0.15811891777351 1
93.56996917853009 89.02885128109487 130.00857968321475 129.99086538709457 0.14351700995838454 0.13507354882216258 1
112.06838597778494 20.62431481161607 341.49392691548195 343.4121904965151 0.12334641190371445 0.051642594647982674 1
351.83933280075865 387.23643573693937 301.17123034012485 300.3990544344541 2.380469318706784 -8.704108321490843 0
76.39776329550216 49.28836135788035 276.9409498516694 270.0731187650274 -0.23835708823771654 -0.1390414000294307 0
123.71524005165134 73.2248887097519 193.9163075024152 179.7657167885348 0.8521011622481516 0.8334765637705465 2
79.3347563097929 90.90115946884254 315.6202739550032 320.23140349806687 -0.13319995707991428 -0.22971512764266203 1
263.1071474308003 327.3870531531929 157.23511484933724 170.67300059245503 -0.20164952756515628 -0.6652701075471235 1
223.02132484487672 86.3863374285675 385.6013162118778 388.45060880451865 -0.25044120164409783 0.560891726634556 0
326.1993215604506 120.90204950538862 369.7569012338222 370.2154160224136 -0.7646995219334102 1.0002974023472404 0
194.06351391965782 301.71994775444944 350.4006917603023 342.5094943163499 -1.3166864552250452 1.7298278649511734 0
30.852811710613608 278.3171761543578 130.30813896695545 126.16893688924563 -0.3690669079294806 -1.0129625303625567 0
243.32782228761727 275.80603321954186 165.5400304724836 153.93254888110857 -1.6583737854658547 -3.944571915039878 0
373.8750273977954 311.6992945837137 281.0318192862867 282.90159984359315 9.795666355013138 2.483837269708513 0
281.44408787754844 285.2943207551384 312.46836584330606 309.8395044387988 0.84691250759535 0.555230416398995 0
315.26494663330874 363.81124960557156 266.0982877070482 261.16144593787527 0.7691458931860737 0.8114025520620882 0
403.9165024238392 399.74207468456234 330.53326165760717 326.11506805014943 11.707232422754844 -8.18940262508948 1
275.03787476208055 282.68419017752376 375.8202803567591 376.4371968874975 0.9648300439144692 0.9435422387950008 2
94.8637422248724 153.80407748613788 360.2321210285726 356.77879915511403 -0.11575608862985116 -0.18676125597107487 1
228.39039212462978 332.4758529982462 77.92757120326308 70.92682480349947 -0.26985842837164664 -0.5732273618796399 1
132.01703118741057 204.57202721833335 162.524511965682 202.96683392489587 -0.19698519973738293 -0.8716962801124074 1
135.60215715654135 368.0651579860449 244.08103406453444 237.35815320988203 -0.20502625109500808 97.43599646550712 0
39.58299680782371 118.40261528375515 344.11246607794357 344.63905733582743 -0.2198648016518961 -0.35932462898768874 0
146.67667179675342 180.64782402801453 151.81822320021342 130.27754470058264 -0.15304546885524617 -0.25146263671884167 0
266.1464049417908 122.05063400946126 327.24988872007884 325.04026189362463 -0.3181632820041696 -0.4160273949683905 0
330.9137458938492 21.65832777125221 135.3183331931783 130.33299468039485 0.8625982293848566 -0.5340163908093625 0
229.68354320884072 357.87032543417087 363.14802670035465 357.30684894942016 0.5136236746483884 -1.6963340955662043 0
248.2911693140427 60.2701940407913 101.94394403216903 126.18484645989452 0.29586829660116437 0.37826201952962685 0
369.2742557653197 376.7054000816677 351.11640284673194 354.17632423209693 1.8202351335863654 3.0776140853492615 1
360.79589216278885 364.3545100334431 241.24171791834502 253.0940148455286 2.644487008008367 4.345901204186473 2
275.9125402510049 330.2530979457046 272.90434373227583 274.70015598603464 -0.3919156061929119 -0.7360283943709787 1
356.99927814173884 317.35065873032454 310.04454578502265 311.8731993750679 -1.836093612058603 0.7241976970346115 0
68.53206486964282 32.79332649323385 53.42083752945786 46.02270050880863 0.7226638828107471 0.17448881969813412 0
163.77877224564216 294.78180647096065 354.126600637499 354.93285244825984 0.6409991168046643 0.37858007834928836 0
286.93737184784163 80.74694539411637 257.9860550986949 252.80706044455994 2.508156939214479 0.9415346472700975 0
45.338846530582686 181.20092099048327 334.1504853947831 338.8094580473606 2.5369816177657936 -2.7653569499058634 0
284.61043319429933 385.4141902507539 393.80269213385907 396.35570487353294 0.6941893198809506 -1.1570465172363593 0
224.42051669202215 40.23036895722469 362.45535877318247 363.9921846575674 -2.321187475204061 -0.6631900215270347 0
324.52581579947025 149.33741201718627 250.1044487397125 246.35676729594874 -2.780494055538262 -0.17865661533179286 0
109.42475741415497 182.23746693940177 305.7860539750642 322.6833440810228 -0.20378759729951304 -0.14515547681194516 0
393.0291633158149 392.75603876734147 303.8892945008655 309.0914445899453 2.990810792332887 3.827345441245149 1
319.0922875899145 327.298606136031 373.3657334521097 373.58638203774234 1.3334160934220993 1.7204242155265699 2
79.66455610480858 160.63218790219395 188.68410169779216 173.8717860007965 -0.06278709097111214 -0.1363895403545498 1
219.52772286432665 271.2172254979073 80.86503627675133 62.54578631374186 -0.23777547532313975 -0.38213094359136734 1
265.794849219228 362.19645653549077 140.63209508418933 139.0593442757457 -0.33245614807000273 -1.0432921172917407 1
332.02076489600773 94.06012588221581 357.2852960490408 361.90275948570326 -0.9536210125927104 0.15159288752441435 0
120.09798464134091 149.937015181383 332.3334650321839 319.10701803401093 -1.1117826861520455 0.5354520681076339 0
367.43265477053643 264.2889048863804 285.5774286148735 287.80204466583604 -14.19968006295843 0.7011315083614601 0
341.4867780838634 220.6153577894389 78.51711404292254 80.89645834498808 3.24333870803297 -2.5177534022515453 0
357.2668143768286 345.33455145307937 349.09419182343356 347.15914744061934 -2.4414593094841477 -0.8250786785456032 0
335.70491464647034 314.64232536653117 88.10190192519173 61.818134839152236 10.15919228724584 -3.0169603641550395 1
352.00800959363255 311.49531534670064 377.149580581956 376.3112463031616 -1.0643895967715027 -0.6521535823382655 2
392.65018743711033 393.4386965361952 317.36183724954805 324.2782173215693 5.381538288751622 7.101709560277486 1
219.60824354824908 190.61209083361575 100.31436206243225 127.20198888303332 0.20055273755159553 0.20285164775519088 1
58.082395887153 100.9977489832657 336.2440018587932 347.13739445767817 0.07795176994774933 0.12999845687860817 1
128.60451825895566 156.59524654220215 231.16633172076834 212.5544067960027 0.11268232171745711 0.16023785355449793 1
404.2170991776112 386.5247541742331 48.15103059643668 19.08838550675322 20.257289990140723 4.8005474805422255 0
106.8976239123237 263.6036150713725 301.5755915686525 304.21046149263094 -1.467570771968209 -0.5005089337824667 0
393.78251016550075 366.3602707342006 268.8217983243926 262.4941495253886 9.562744929556048 -1.448427311815375 0
378.8610432244613 256.74646070003166 359.825446156302 354.89230514221094 3.780170382971047 0.6097533661394134 0
323.2535090077568 331.3375516958073 32.94042849774687 44.46896313838012 1.660169816284299 3.068425196345289 1
384.99887085998137 368.96704457161695 207.94431475157558 195.53739337270022 -12.128973101369798 6.945914377950988 2
265.8727899060773 285.70243591943114 389.37257607169124 389.5080776689621 -0.33037303809352536 -0.4385105616462199 1
382.9230953319593 318.1384108375443 193.57522976157162 204.21122024832994 -5.460133773282911 0.8344460260613057 0
261.50227566254955 12.69297527011369 401.47067654847183 400.10702984108417 0.25076020923982045 0.1785779227637848 0
20.610609882587593 110.54155406510179 265.6336139892144 264.663768132913 0.28460854183138323 0.14781323058604717 0
353.7663549797031 371.5438120884721 423.6709577855223 419.97224797267296 1.258955034420409 2.2710610182929427 0
68.6056363573414 262.94608060372235 210.34662895924345 214.95341928730545 -0.406805709360808 -0.7126152948127243 0
40.38585493822533 175.11653528690573 323.3444888212101 329.1117033154642 -0.6543256288961191 -0.2964743778837095 0
236.96578953548828 46.88031988908959 342.46691385563486 336.25304031863396 -0.3458189756664282 -0.20652560041310883 0
68.18743703799645 157.67096665687635 325.3502843192683 319.74202040826754 -1.5695080008093514 -0.2986939358757604 0
242.56231725038538 348.7437929573482 163.6093658963159 177.7506752929847 0.7855095020581878 2.217707804360638 0
249.07965297786325 290.7952827989911 128.0648223430616 228.55711709106978 0.525784430687547 -1.0150648877218689 0
388.10417927922697 388.2904169535718 345.4462509734391 351.751725588133 2.577935809219306 2.954899789894985 2
317.6400844993813 324.6575654764847 118.98774673610856 111.79200203312061 1.4456003537817423 1.397186028379212 2
133.1867341633646 143.49384300236858 358.92662650337184 360.0670591602985 -0.09588250597575748 -0.1540641326954766 1
117.46750618438827 239.9951018809925 338.0129958319844 336.0454872178541 -0.1064369889418107 -0.2088741486723557 1
156.1590519030339 144.88112358840363 271.5151239612958 274.8151401312133 -0.1132602307796274 -0.21047933913259834 1
207.66429800047302 264.9824588881158 351.4136571727264 351.10250440265327 -0.2633237674670475 -0.412202844480315 1
158.00357755556513 168.47585565404424 151.88354645872332 158.91172850604937 -0.17643727447692 -0.5734576399457432 1
295.13581430029126 292.81844886326854 82.97034670877568 98.41164158734614 -1.411134689851545 -0.25564217741490786 0
277.19997138717594 246.41127225844065 209.32249087851733 198.13997479460429 1.1124108276572384 2.798401607825792 0
67.72071076119954 13.696032658182927 295.7583522356912 298.8155821539366 0.4350861061095619 0.5687471517724464 0
235.25638453682484 278.93305438931765 19.82665394301829 23.399383227506405 0.41253408534247793 0.5539115284698163 1
154.85152353669517 18.28608633377068 89.1997775632441 78.9730503533714 0.10672542065453779 0.18721800795678448 1
78.52782776982586 95.37586371524826 60.870388725122886 60.995246428724315 0.21350234582661196 0.21759090060151173 1
161.78930782161714 196.20489894480602 331.1426811166024 334.26846541233783 0.2761595748863323 0.22790562562827488 0
46.202795585441066 131.33918690582271 404.8262762094112 405.68012259941827 -2.7898815942267765 -2.589967392820897 1
51.00616813910194 14.709970081110395 245.25034203761004 255.39678867340632 0.6646685530238735 0.5882137709874967 1
245.5772696487473 287.35635669860744 288.2044257457187 293.8545651760886 -0.20236692860729039 -0.30018429279277686 1
188.16677332524688 240.0682169689673 71.22710986359779 54.849748559814635 -0.17388806874719184 -0.23521116298443404 1
219.1994032432961 210.59234538186928 346.88456180728963 348.95478965332836 -0.20258970775269292 -0.22044242106892126 1
253.937199401914 265.91179657944605 63.01959394398479 62.22815179104021 -0.3502241707146395 -0.3386950789475878 1
138.65294021964903 213.36446279475174 278.21493497154006 282.6550736487409 -0.665983982242486 -0.36610154691124985 0
165.83408848193162 280.72307342766476 297.3523136044099 306.9199177302536 -0.3835025016436395 -0.682372735795493 0
142.19889369978338 309.58128305308463 8.050917218680983 47.54739162573554 -1.7287008220252886 -1.8399605074587255 0
174.10470534354718 40.09636509076257 328.31157992282914 329.405304623913 0.4428556226929389 1.0850895895562913 0
221.2201230196265 165.54179822033078 354.44800081349376 355.01511747484994 0.15324765926103606 -4.052770976801946 0
66.93828882335752 353.4290965424694 315.60120783191564 318.43579284899437 0.40351780754566174 1.5932776778036106 0
60.19008258069205 212.69022004406668 231.0084170846618 236.25396048527182 0.13068907787302822 0.8102528659307073 0
117.49549961400471 86.69599814350892 308.7111670999674 303.96105018854513 0.12028744620513772 0.2040104886216051 0
309.93603101767667 218.51172925335825 47.12001853564167 65.42129845323306 2.8155566365894047 0.6919525730941751 0
295.5253291708816 246.6805503725863 199.91081760146074 197.363624106807 3.9224588090748216 0.9481632154407225 0
415.74711514424575 420.9414704348985 351.086298671431 359.53209873191196 -4.994616883228273 -8.642972945534465 1
236.60892768891614 249.38721337309488 260.22665455232107 267.03444898746943 1.1313081141441281 1.186501826446702 2
113.32171294336203 147.48854835209397 161.7251700722054 174.98938006196033 -0.09777749208378282 -0.13506666703797807 1
180.00469497640015 201.37407032530956 361.2155699767444 359.6480096292635 -0.14177147867831855 -0.15331959351759128 1
185.1550913816751 240.32138890764435 26.90724148658229 9.554768160451081 -0.18975455060880364 -0.24921951273760554 1
226.20691705378363 185.687232853144 124.56414680951579 126.67630381095765 -0.225886434479426 -0.23866006785366428 1
206.41718916321412 193.64834488721993 86.0594767161306 97.81879082396924 -0.2375073090542315 -0.4696430872875495 0
347.98772174241105 272.47732544978373 325.3219949261242 323.4341823295159 -2.7271047422569783 -0.647865033334354 0
271.5877312031238 28.38975521712021 177.67592158388973 181.78641520842285 0.7512097803978118 -1.8762902226402387 0
181.3218227763677 6.470500595308107 139.6814461218733 135.80621696728704 0.7814266907888741 -0.33808009711909476 0
190.74913947304952 401.27251862483115 356.80951666949693 353.1036153783653 0.1618627826718499 -2.266619747418454 0
156.63957660522914 208.35654597345336 23.07726429960623 37.6221701470837 0.2130552415419329 0.1919066566033288 0
320.4591105080765 284.3004751322601 357.6061980073947 361.5722379001468 1.2127488168428182 1.4114594580580273 0
256.2694878470103 261.96413532793315 230.67296897238384 225.81775749666372 0.9285326326638349 0.8719826524233427 1
387.7328073158387 385.87906220083505 258.84307175452807 257.0614805989646 -2.1206811662761926 -2.4949224775137866 2
160.8284375674225 261.6778815928728 379.172730012616 378.97645357114936 -0.19421786959925516 -0.306231015415501 1
270.07132606494486 364.6248380981451 181.3968338163628 170.43963966708426 -0.3691095118513938 -2.5255081730434674 1
121.05116216249002 268.89890448332915 69.4456262630616 96.72185911386754 -0.18310143143575833 0.3147077183376146 0
113.94714968241243 180.16842132499445 170.76971630553138 158.00048673060886 -0.1896703737604097 0.34361325297831596 0
273.4409676767833 350.99976658812534 160.53409829894062 136.19072827273274 -0.3609578145065358 -1.4861365092754135 0
363.86140865685803 354.7216345086769 312.3769038576896 312.69475054316996 1.6759320481119813 -2.0433306455741618 0
79.44877747734066 144.29896468385473 313.8485307996657 314.9504926498058 0.5076194358449022 1.1197802096452816 0
168.9851270612433 247.17059033655377 315.3115473827583 316.57551862176916 3.601743123938037 -1.3423452326656198 0
210.98908565177334 294.4515735239773 229.58539204422334 250.63591070979714 -13.677954817237646 -0.5605428392720586 0
10.817713578576326 78.34108874799063 369.03352072316466 363.8826802983017 0.7505925896024784 0.9109618145201341 1
238.84277223439008 215.30875042586024 281.0595512273902 286.0754510584895 -0.27867263571254575 -0.2697014915409983 1
